Time,Data
5140000,0
10260000,0
15380000,0
20500000,2644
25620000,34225
30740000,94133
35860000,152959
40980000,205683
46100000,250046
51220000,284380
56340000,307226
61460000,317731
66580000,315391
71700000,300360
76820000,273240
81940000,235101
87060000,187486
92180000,132280
97300000,71857
102420000,8428
107540000,-55299
112660000,-116799
117780000,-173586
122900000,-223378
128020000,-264190
133140000,-294340
138260000,-312644
143380000,-318326
148500000,-311240
153620000,-291584
158740000,-260155
163860000,-218232
168980000,-167568
174100000,-110148
179220000,-48176
184340000,15521
189460000,78724
194580000,138731
199700000,193209
204820000,239833
209940000,276827
215060000,302644
220180000,316299
225300000,317181
230420000,305283
235540000,281101
240660000,245594
245780000,200183
250900000,146662
256020000,87337
261140000,24427
266260000,-39491
271380000,-101760
276500000,-159971
281620000,-211691
286740000,-254930
291860000,-287877
296980000,-309225
302100000,-318114
307220000,-314194
312340000,-297652
317460000,-269050
322580000,-229609
327700000,-180943
332820000,-125027
337940000,-63947
343060000,-429
348180000,63107
353300000,124163
358420000,180236
363540000,229021
368660000,268569
373780000,297304
378900000,314063
384020000,318170
389140000,309436
394260000,288253
399380000,255466
404500000,212366
409620000,160687
414740000,102589
419860000,40357
424980000,-23571
430100000,-86468
435220000,-145953
440340000,-199467
445460000,-245028
450580000,-280686
455700000,-305022
460820000,-317102
465940000,-316354
471060000,-302967
476180000,-277263
481300000,-240408
486420000,-193866
491540000,-139582
496660000,-79560
501780000,-16381
506900000,47333
512020000,109285
517140000,166809
522260000,217628
527380000,259634
532500000,291210
537620000,311037
542740000,318354
547860000,312807
552980000,294679
558100000,264688
563220000,224015
568340000,174309
573460000,117580
578580000,56181
583700000,-7584
588820000,-70970
593940000,-131544
599060000,-186762
604180000,-234499
609300000,-272784
614420000,-300059
619540000,-315275
624660000,-317732
629780000,-307501
634900000,-284780
640020000,-250599
645140000,-206306
650260000,-153771
655380000,-94982
660500000,-32294
665620000,31441
670740000,94133
675860000,152959
680980000,205683
686100000,250046
691220000,284380
696340000,307226
701460000,317731
706580000,315391
711700000,300360
716820000,273240
721940000,235101
727060000,187486
732180000,132280
737300000,71857
742420000,8428
747540000,-55299
752660000,-116799
757780000,-173586
762900000,-223378
768020000,-264190
773140000,-294340
778260000,-312644
783380000,-318326
788500000,-311240
793620000,-291584
798740000,-260155
803860000,-218232
808980000,-167568
814100000,-110148
819220000,-48176
824340000,15521
829460000,78724
834580000,138731
839700000,193209
844820000,239833
849940000,276827
855060000,302644
860180000,316299
865300000,317181
870420000,305283
875540000,281101
880660000,245594
885780000,200183
890900000,146662
896020000,87337
901140000,24427
906260000,-39491
911380000,-101760
916500000,-159971
921620000,-211691
926740000,-254930
931860000,-287877
936980000,-309225
942100000,-318114
947220000,-314194
952340000,-297652
957460000,-269050
962580000,-229609
967700000,-180943
972820000,-125027
977940000,-63947
983060000,-429
988180000,63107
993300000,124163
998420000,180236
1003540000,229021
1008660000,268569
1013780000,297304
1018900000,314063
1024020000,318170
1029140000,309436
1034260000,288253
1039380000,255466
1044500000,212366
1049620000,160687
1054740000,102589
1059860000,40357
1064980000,-23571
1070100000,-86468
1075220000,-145953
1080340000,-199467
1085460000,-245028
1090580000,-280686
1095700000,-305022
1100820000,-317102
1105940000,-316354
1111060000,-302967
1116180000,-277263
1121300000,-240408
1126420000,-193866
1131540000,-139582
1136660000,-79560
1141780000,-16381
1146900000,47333
1152020000,109285
1157140000,166809
1162260000,217628
1167380000,259634
1172500000,291210
1177620000,311037
1182740000,318354
1187860000,312807
1192980000,294679
1198100000,264688
1203220000,224015
1208340000,174309
1213460000,117580
1218580000,56181
1223700000,-7584
1228820000,-70970
1233940000,-131544
1239060000,-186762
1244180000,-234499
1249300000,-272784
1254420000,-300059
1259540000,-315275
1264660000,-317732
1269780000,-307501
1274900000,-284780
1280020000,-250599
1285140000,-206306
1290260000,-153771
1295380000,-94982
1300500000,-32294
1305620000,31441
1310740000,94133
1315860000,152959
1320980000,205683
1326100000,250046
1331220000,284380
1336340000,307226
1341460000,317731
1346580000,315391
1351700000,300360
1356820000,273240
1361940000,235101
1367060000,187486
1372180000,132280
1377300000,71857
1382420000,8428
1387540000,-55299
1392660000,-116799
1397780000,-173586
1402900000,-223378
1408020000,-264190
1413140000,-294340
1418260000,-312644
1423380000,-318326
1428500000,-311240
1433620000,-291584
1438740000,-260155
1443860000,-218232
1448980000,-167568
1454100000,-110148
1459220000,-48176
1464340000,15521
1469460000,78724
1474580000,138731
1479700000,193209
1484820000,239833
1489940000,276827
1495060000,302644
1500180000,316299
1505300000,317181
1510420000,305283
1515540000,281101
1520660000,245594
1525780000,200183
1530900000,146662
1536020000,87337
1541140000,24427
1546260000,-39491
1551380000,-101760
1556500000,-159971
1561620000,-211691
1566740000,-254930
1571860000,-287877
1576980000,-309225
1582100000,-318114
1587220000,-314194
1592340000,-297652
1597460000,-269050
1602580000,-229609
1607700000,-180943
1612820000,-125027
1617940000,-63947
1623060000,-429
1628180000,63107
1633300000,124163
1638420000,180236
1643540000,229021
1648660000,268569
1653780000,297304
1658900000,314063
1664020000,318170
1669140000,309436
1674260000,288253
1679380000,255466
1684500000,212366
1689620000,160687
1694740000,102589
1699860000,40357
1704980000,-23571
1710100000,-86468
1715220000,-145953
1720340000,-199467
1725460000,-245028
1730580000,-280686
1735700000,-305022
1740820000,-317102
1745940000,-316354
1751060000,-302967
1756180000,-277263
1761300000,-240408
1766420000,-193866
1771540000,-139582
1776660000,-79560
1781780000,-16381
1786900000,47333
1792020000,109285
1797140000,166809
1802260000,217628
1807380000,259634
1812500000,291210
1817620000,311037
1822740000,318354
1827860000,312807
1832980000,294679
1838100000,264688
1843220000,224015
1848340000,174309
1853460000,117580
1858580000,56181
1863700000,-7584
1868820000,-70970
1873940000,-131544
1879060000,-186762
1884180000,-234499
1889300000,-272784
1894420000,-300059
1899540000,-315275
1904660000,-317732
1909780000,-307501
1914900000,-284780
1920020000,-250599
1925140000,-206306
1930260000,-153771
1935380000,-94982
1940500000,-32294
1945620000,31441
1950740000,94133
1955860000,152959
1960980000,205683
1966100000,250046
1971220000,284380
1976340000,307226
1981460000,317731
1986580000,315391
1991700000,300360
1996820000,273240
2001940000,235101
2007060000,187486
2012180000,132280
2017300000,71857
2022420000,8428
2027540000,-55299
2032660000,-116799
2037780000,-173586
2042900000,-223378
2048020000,-264190
2053140000,-294340
2058260000,-312644
2063380000,-318326
2068500000,-311240
2073620000,-291584
2078740000,-260155
2083860000,-218232
2088980000,-167568
2094100000,-110148
2099220000,-48176
2104340000,15521
2109460000,78724
2114580000,138731
2119700000,193209
2124820000,239833
2129940000,276827
2135060000,302644
2140180000,316299
2145300000,317181
2150420000,305283
2155540000,281101
2160660000,245594
2165780000,200183
2170900000,146662
2176020000,87337
2181140000,24427
2186260000,-39491
2191380000,-101760
2196500000,-159971
2201620000,-211691
2206740000,-254930
2211860000,-287877
2216980000,-309225
2222100000,-318114
2227220000,-314194
2232340000,-297652
2237460000,-269050
2242580000,-229609
2247700000,-180943
2252820000,-125027
2257940000,-63947
2263060000,-429
2268180000,63107
2273300000,124163
2278420000,180236
2283540000,229021
2288660000,268569
2293780000,297304
2298900000,314063
2304020000,318170
2309140000,309436
2314260000,288253
2319380000,255466
2324500000,212366
2329620000,160687
2334740000,102589
2339860000,40357
2344980000,-23571
2350100000,-86468
2355220000,-145953
2360340000,-199467
2365460000,-245028
2370580000,-280686
2375700000,-305022
2380820000,-317102
2385940000,-316354
2391060000,-302967
2396180000,-277263
2401300000,-240408
2406420000,-193866
2411540000,-139582
2416660000,-79560
2421780000,-16381
2426900000,47333
2432020000,109285
2437140000,166809
2442260000,217628
2447380000,259634
2452500000,291210
2457620000,311037
2462740000,318354
2467860000,312807
2472980000,294679
2478100000,264688
2483220000,224015
2488340000,174309
2493460000,117580
2498580000,56181
2503700000,-7584
2508820000,-70970
2513940000,-131544
2519060000,-186762
2524180000,-234499
2529300000,-272784
2534420000,-300059
2539540000,-315275
2544660000,-317732
2549780000,-307501
2554900000,-284780
2560020000,-250599
2565140000,-206306
2570260000,-153771
2575380000,-94982
2580500000,-32294
2585620000,31441
2590740000,94133
2595860000,152959
2600980000,205683
2606100000,250046
2611220000,284380
2616340000,307226
2621460000,317731
2626580000,315391
2631700000,300360
2636820000,273240
2641940000,235101
2647060000,187486
2652180000,132280
2657300000,71857
2662420000,8428
2667540000,-55299
2672660000,-116799
2677780000,-173586
2682900000,-223378
2688020000,-264190
2693140000,-294340
2698260000,-312644
2703380000,-318326
2708500000,-311240
2713620000,-291584
2718740000,-260155
2723860000,-218232
2728980000,-167568
2734100000,-110148
2739220000,-48176
2744340000,15521
2749460000,78724
2754580000,138731
2759700000,193209
2764820000,239833
2769940000,276827
2775060000,302644
2780180000,316299
2785300000,317181
2790420000,305283
2795540000,281101
2800660000,245594
2805780000,200183
2810900000,146662
2816020000,87337
2821140000,24427
2826260000,-39491
2831380000,-101760
2836500000,-159971
2841620000,-211691
2846740000,-254930
2851860000,-287877
2856980000,-309225
2862100000,-318114
2867220000,-314194
2872340000,-297652
2877460000,-269050
2882580000,-229609
2887700000,-180943
2892820000,-125027
2897940000,-63947
2903060000,-429
2908180000,63107
2913300000,124163
2918420000,180236
2923540000,229021
2928660000,268569
2933780000,297304
2938900000,314063
2944020000,318170
2949140000,309436
2954260000,288253
2959380000,255466
2964500000,212366
2969620000,160687
2974740000,102589
2979860000,40357
2984980000,-23572
2990100000,-86471
2995220000,-145950
3000340000,-199467
3005460000,-245028
3010580000,-280686
3015700000,-305022
3020820000,-317102
3025940000,-316354
3031060000,-302967
3036180000,-277263
3041300000,-240408
3046420000,-193866
3051540000,-139582
3056660000,-79560
3061780000,-16381
3066900000,47333
3072020000,109285
3077140000,166809
3082260000,217628
3087380000,259634
3092500000,291210
3097620000,311037
3102740000,318354
3107860000,312807
3112980000,294679
3118100000,264688
3123220000,224015
3128340000,174309
3133460000,117580
3138580000,56181
3143700000,-7584
3148820000,-70973
3153940000,-131541
3159060000,-186761
3164180000,-234499
3169300000,-272784
3174420000,-300059
3179540000,-315275
3184660000,-317732
3189780000,-307501
3194900000,-284780
3200020000,-250599
3205140000,-206306
3210260000,-153771
3215380000,-94982
3220500000,-32294
3225620000,31441
3230740000,94133
3235860000,152959
3240980000,205683
3246100000,250046
3251220000,284380
3256340000,307226
3261460000,317731
3266580000,315391
3271700000,300360
3276820000,273240
3281940000,235101
3287060000,187486
3292180000,132280
3297300000,71857
3302420000,8428
3307540000,-55302
3312660000,-116798
3317780000,-173584
3322900000,-223378
3328020000,-264190
3333140000,-294340
3338260000,-312644
3343380000,-318326
3348500000,-311240
3353620000,-291584
3358740000,-260155
3363860000,-218232
3368980000,-167568
3374100000,-110148
3379220000,-48176
3384340000,15521
3389460000,78724
3394580000,138731
3399700000,193209
3404820000,239833
3409940000,276827
3415060000,302644
3420180000,316299
3425300000,317181
3430420000,305283
3435540000,281101
3440660000,245594
3445780000,200183
3450900000,146662
3456020000,87337
3461140000,24427
3466260000,-39493
3471380000,-101761
3476500000,-159968
3481620000,-211691
3486740000,-254930
3491860000,-287877
3496980000,-309225
3502100000,-318114
3507220000,-314194
3512340000,-297652
3517460000,-269050
3522580000,-229609
3527700000,-180943
3532820000,-125027
3537940000,-63947
3543060000,-429
3548180000,63107
3553300000,124163
3558420000,180236
3563540000,229021
3568660000,268569
3573780000,297304
3578900000,314063
3584020000,318170
3589140000,309436
3594260000,288253
3599380000,255466
3604500000,212366
3609620000,160687
3614740000,102589
3619860000,40357
3624980000,-23572
3630100000,-86471
3635220000,-145950
3640340000,-199467
3645460000,-245028
3650580000,-280686
3655700000,-305022
3660820000,-317102
3665940000,-316354
3671060000,-302967
3676180000,-277263
3681300000,-240408
3686420000,-193866
3691540000,-139582
3696660000,-79560
3701780000,-16381
3706900000,47333
3712020000,109285
3717140000,166809
3722260000,217628
3727380000,259634
3732500000,291210
3737620000,311037
3742740000,318354
3747860000,312807
3752980000,294679
3758100000,264688
3763220000,224015
3768340000,174309
3773460000,117580
3778580000,56181
3783700000,-7584
3788820000,-70973
3793940000,-131541
3799060000,-186761
3804180000,-234499
3809300000,-272784
3814420000,-300059
3819540000,-315275
3824660000,-317732
3829780000,-307501
3834900000,-284780
3840020000,-250599
3845140000,-206306
3850260000,-153771
3855380000,-94982
3860500000,-32294
3865620000,31441
3870740000,94133
3875860000,152959
3880980000,205683
3886100000,250046
3891220000,284380
3896340000,307226
3901460000,317731
3906580000,315391
3911700000,300360
3916820000,273240
3921940000,235101
3927060000,187486
3932180000,132280
3937300000,71857
3942420000,8428
3947540000,-55302
3952660000,-116798
3957780000,-173584
3962900000,-223378
3968020000,-264190
3973140000,-294340
3978260000,-312644
3983380000,-318326
3988500000,-311240
3993620000,-291584
3998740000,-260155
4003860000,-218232
4008980000,-167568
4014100000,-110148
4019220000,-48176
4024340000,15521
4029460000,78724
4034580000,138731
4039700000,193209
4044820000,239833
4049940000,276827
4055060000,302644
4060180000,316299
4065300000,317181
4070420000,305283
4075540000,281101
4080660000,245594
4085780000,200183
4090900000,146662
4096020000,87337
4101140000,24427
4106260000,-39493
4111380000,-101761
4116500000,-159968
4121620000,-211691
4126740000,-254930
4131860000,-287877
4136980000,-309225
4142100000,-318114
4147220000,-314194
4152340000,-297652
4157460000,-269050
4162580000,-229609
4167700000,-180943
4172820000,-125027
4177940000,-63947
4183060000,-429
4188180000,63107
4193300000,124163
4198420000,180236
4203540000,229021
4208660000,268569
4213780000,297304
4218900000,314063
4224020000,318170
4229140000,309436
4234260000,288253
4239380000,255466
4244500000,212366
4249620000,160687
4254740000,102589
4259860000,40357
4264980000,-23572
4270100000,-86471
4275220000,-145950
4280340000,-199467
4285460000,-245028
4290580000,-280686
4295700000,-305022
4300820000,-317102
4305940000,-316354
4311060000,-302967
4316180000,-277263
4321300000,-240408
4326420000,-193866
4331540000,-139582
4336660000,-79560
4341780000,-16381
4346900000,47333
4352020000,109285
4357140000,166809
4362260000,217628
4367380000,259634
4372500000,291210
4377620000,311037
4382740000,318354
4387860000,312807
4392980000,294679
4398100000,264688
4403220000,224015
4408340000,174309
4413460000,117580
4418580000,56181
4423700000,-7584
4428820000,-70973
4433940000,-131541
4439060000,-186761
4444180000,-234499
4449300000,-272784
4454420000,-300059
4459540000,-315275
4464660000,-317732
4469780000,-307501
4474900000,-284780
4480020000,-250599
4485140000,-206306
4490260000,-153771
4495380000,-94982
4500500000,-32294
4505620000,31441
4510740000,94133
4515860000,152959
4520980000,205683
4526100000,250046
4531220000,284380
4536340000,307226
4541460000,317731
4546580000,315391
4551700000,300360
4556820000,273240
4561940000,235101
4567060000,187486
4572180000,132280
4577300000,71857
4582420000,8428
4587540000,-55302
4592660000,-116798
4597780000,-173584
4602900000,-223378
4608020000,-264190
4613140000,-294340
4618260000,-312644
4623380000,-318326
4628500000,-311240
4633620000,-291584
4638740000,-260155
4643860000,-218232
4648980000,-167568
4654100000,-110148
4659220000,-48176
4664340000,15521
4669460000,78724
4674580000,138731
4679700000,193209
4684820000,239833
4689940000,276827
4695060000,302644
4700180000,316299
4705300000,317181
4710420000,305283
4715540000,281101
4720660000,245594
4725780000,200183
4730900000,146662
4736020000,87337
4741140000,24427
4746260000,-39493
4751380000,-101761
4756500000,-159968
4761620000,-211691
4766740000,-254930
4771860000,-287877
4776980000,-309225
4782100000,-318114
4787220000,-314194
4792340000,-297652
4797460000,-269050
4802580000,-229609
4807700000,-180943
4812820000,-125027
4817940000,-63947
4823060000,-429
4828180000,63107
4833300000,124163
4838420000,180236
4843540000,229021
4848660000,268569
4853780000,297304
4858900000,314063
4864020000,318170
4869140000,309436
4874260000,288253
4879380000,255466
4884500000,212366
4889620000,160687
4894740000,102589
4899860000,40357
4904980000,-23572
4910100000,-86471
4915220000,-145950
4920340000,-199467
4925460000,-245028
4930580000,-280686
4935700000,-305022
4940820000,-317102
4945940000,-316354
4951060000,-302967
4956180000,-277263
4961300000,-240408
4966420000,-193866
4971540000,-139582
4976660000,-79560
4981780000,-16381
4986900000,47333
4992020000,109285
4997140000,166809
5002260000,217628
5007380000,259634
5012500000,291210
5017620000,311037
5022740000,318354
5027860000,312807
5032980000,294679
5038100000,264688
5043220000,224015
5048340000,174309
5053460000,117580
5058580000,56181
5063700000,-7584
5068820000,-70973
5073940000,-131541
5079060000,-186761
5084180000,-234499
5089300000,-272784
5094420000,-300059
5099540000,-315275
5104660000,-317732
5109780000,-307501
5114900000,-284780
5120020000,-250599
5125140000,-206306
5130260000,-153771
5135380000,-94982
5140500000,-32294
5145620000,31441
5150740000,94133
5155860000,152959
5160980000,205683
5166100000,250046
5171220000,284380
5176340000,307226
5181460000,317731
5186580000,315391
5191700000,300360
5196820000,273240
5201940000,235101
5207060000,187486
5212180000,132280
5217300000,71857
5222420000,8428
5227540000,-55302
5232660000,-116798
5237780000,-173584
5242900000,-223378
5248020000,-264190
5253140000,-294340
5258260000,-312644
5263380000,-318326
5268500000,-311240
5273620000,-291584
5278740000,-260155
5283860000,-218232
5288980000,-167568
5294100000,-110148
5299220000,-48176
5304340000,15521
5309460000,78724
5314580000,138731
5319700000,193209
5324820000,239833
5329940000,276827
5335060000,302644
5340180000,316299
5345300000,317181
5350420000,305283
5355540000,281101
5360660000,245594
5365780000,200183
5370900000,146662
5376020000,87337
5381140000,24427
5386260000,-39493
5391380000,-101761
5396500000,-159968
5401620000,-211691
5406740000,-254930
5411860000,-287877
5416980000,-309225
5422100000,-318114
5427220000,-314194
5432340000,-297652
5437460000,-269050
5442580000,-229609
5447700000,-180943
5452820000,-125027
5457940000,-63947
5463060000,-429
5468180000,63107
5473300000,124163
5478420000,180236
5483540000,229021
5488660000,268569
5493780000,297304
5498900000,314063
5504020000,318170
5509140000,309436
5514260000,288253
5519380000,255466
5524500000,212366
5529620000,160687
5534740000,102589
5539860000,40357
5544980000,-23572
5550100000,-86471
5555220000,-145950
5560340000,-199467
5565460000,-245028
5570580000,-280686
5575700000,-305022
5580820000,-317102
5585940000,-316354
5591060000,-302967
5596180000,-277263
5601300000,-240408
5606420000,-193866
5611540000,-139582
5616660000,-79560
5621780000,-16381
5626900000,47333
5632020000,109285
5637140000,166809
5642260000,217628
5647380000,259634
5652500000,291210
5657620000,311037
5662740000,318354
5667860000,312807
5672980000,294679
5678100000,264688
5683220000,224015
5688340000,174309
5693460000,117580
5698580000,56181
5703700000,-7584
5708820000,-70973
5713940000,-131541
5719060000,-186761
5724180000,-234499
5729300000,-272784
5734420000,-300059
5739540000,-315275
5744660000,-317732
5749780000,-307501
5754900000,-284780
5760020000,-250599
5765140000,-206306
5770260000,-153771
5775380000,-94982
5780500000,-32294
5785620000,31441
5790740000,94133
5795860000,152959
5800980000,205683
5806100000,250046
5811220000,284380
5816340000,307226
5821460000,317731
5826580000,315391
5831700000,300360
5836820000,273240
5841940000,235101
5847060000,187486
5852180000,132280
5857300000,71857
5862420000,8428
5867540000,-55302
5872660000,-116798
5877780000,-173584
5882900000,-223378
5888020000,-264190
5893140000,-294340
5898260000,-312644
5903380000,-318326
5908500000,-311240
5913620000,-291584
5918740000,-260155
5923860000,-218232
5928980000,-167568
5934100000,-110148
5939220000,-48176
5944340000,15521
5949460000,78724
5954580000,138731
5959700000,193209
5964820000,239833
5969940000,276827
5975060000,302644
5980180000,316299
5985300000,317181
5990420000,305283
5995540000,281101
6000660000,245594
6005780000,200183
6010900000,146662
6016020000,87337
6021140000,24427
6026260000,-39493
6031380000,-101761
6036500000,-159968
6041620000,-211691
6046740000,-254930
6051860000,-287877
6056980000,-309225
6062100000,-318114
6067220000,-314194
6072340000,-297652
6077460000,-269050
6082580000,-229609
6087700000,-180943
6092820000,-125027
6097940000,-63947
6103060000,-429
6108180000,63107
6113300000,124163
6118420000,180236
6123540000,229021
6128660000,268569
6133780000,297304
6138900000,314063
6144020000,318170
6149140000,309436
6154260000,288253
6159380000,255466
6164500000,212366
6169620000,160687
6174740000,102589
6179860000,40357
6184980000,-23572
6190100000,-86471
6195220000,-145950
6200340000,-199467
6205460000,-245028
6210580000,-280686
6215700000,-305022
6220820000,-317102
6225940000,-316354
6231060000,-302967
6236180000,-277263
6241300000,-240408
6246420000,-193866
6251540000,-139582
6256660000,-79560
6261780000,-16381
6266900000,47333
6272020000,109285
6277140000,166809
6282260000,217628
6287380000,259634
6292500000,291210
6297620000,311037
6302740000,318354
6307860000,312807
6312980000,294679
6318100000,264688
6323220000,224015
6328340000,174309
6333460000,117580
6338580000,56181
6343700000,-7584
6348820000,-70973
6353940000,-131541
6359060000,-186761
6364180000,-234499
6369300000,-272784
6374420000,-300059
6379540000,-315275
6384660000,-317732
6389780000,-307501
6394900000,-284780
6400020000,-250599
6405140000,-206306
6410260000,-153771
6415380000,-94982
6420500000,-32294
6425620000,31441
6430740000,94133
6435860000,152959
6440980000,205683
6446100000,250046
6451220000,284380
6456340000,307226
6461460000,317731
6466580000,315391
6471700000,300360
6476820000,273240
6481940000,235101
6487060000,187486
6492180000,132280
6497300000,71857
6502420000,8428
6507540000,-55302
6512660000,-116798
6517780000,-173584
6522900000,-223378
6528020000,-264190
6533140000,-294340
6538260000,-312644
6543380000,-318326
6548500000,-311240
6553620000,-291584
6558740000,-260155
6563860000,-218232
6568980000,-167568
6574100000,-110148
6579220000,-48176
6584340000,15521
6589460000,78724
6594580000,138731
6599700000,193209
6604820000,239833
6609940000,276827
6615060000,302644
6620180000,316299
6625300000,317181
6630420000,305283
6635540000,281101
6640660000,245594
6645780000,200183
6650900000,146662
6656020000,87337
6661140000,24427
6666260000,-39491
6671380000,-101760
6676500000,-159971
6681620000,-211691
6686740000,-254930
6691860000,-287877
6696980000,-309225
6702100000,-318114
6707220000,-314194
6712340000,-297652
6717460000,-269050
6722580000,-229609
6727700000,-180943
6732820000,-125027
6737940000,-63947
6743060000,-429
6748180000,63107
6753300000,124163
6758420000,180236
6763540000,229021
6768660000,268569
6773780000,297304
6778900000,314063
6784020000,318170
6789140000,309436
6794260000,288253
6799380000,255466
6804500000,212366
6809620000,160687
6814740000,102589
6819860000,40357
6824980000,-23571
6830100000,-86468
6835220000,-145953
6840340000,-199467
6845460000,-245028
6850580000,-280686
6855700000,-305022
6860820000,-317102
6865940000,-316354
6871060000,-302967
6876180000,-277263
6881300000,-240408
6886420000,-193866
6891540000,-139582
6896660000,-79560
6901780000,-16381
6906900000,47333
6912020000,109285
6917140000,166809
6922260000,217628
6927380000,259634
6932500000,291210
6937620000,311037
6942740000,318354
6947860000,312807
6952980000,294679
6958100000,264688
6963220000,224015
6968340000,174309
6973460000,117580
6978580000,56181
6983700000,-7584
6988820000,-70970
6993940000,-131544
6999060000,-186762
7004180000,-234499
7009300000,-272784
7014420000,-300059
7019540000,-315275
7024660000,-317732
7029780000,-307501
7034900000,-284780
7040020000,-250599
7045140000,-206306
7050260000,-153771
7055380000,-94982
7060500000,-32294
7065620000,31441
7070740000,94133
7075860000,152959
7080980000,205683
7086100000,250046
7091220000,284380
7096340000,307226
7101460000,317731
7106580000,315391
7111700000,300360
7116820000,273240
7121940000,235101
7127060000,187486
7132180000,132280
7137300000,71857
7142420000,8428
7147540000,-55299
7152660000,-116799
7157780000,-173586
7162900000,-223378
7168020000,-264190
7173140000,-294340
7178260000,-312644
7183380000,-318326
7188500000,-311240
7193620000,-291584
7198740000,-260155
7203860000,-218232
7208980000,-167568
7214100000,-110148
7219220000,-48176
7224340000,15521
7229460000,78724
7234580000,138731
7239700000,193209
7244820000,239833
7249940000,276827
7255060000,302644
7260180000,316299
7265300000,317181
7270420000,305283
7275540000,281101
7280660000,245594
7285780000,200183
7290900000,146662
7296020000,87337
7301140000,24427
7306260000,-39491
7311380000,-101760
7316500000,-159971
7321620000,-211691
7326740000,-254930
7331860000,-287877
7336980000,-309225
7342100000,-318114
7347220000,-314194
7352340000,-297652
7357460000,-269050
7362580000,-229609
7367700000,-180943
7372820000,-125027
7377940000,-63947
7383060000,-429
7388180000,63107
7393300000,124163
7398420000,180236
7403540000,229021
7408660000,268569
7413780000,297304
7418900000,314063
7424020000,318170
7429140000,309436
7434260000,288253
7439380000,255466
7444500000,212366
7449620000,160687
7454740000,102589
7459860000,40357
7464980000,-23571
7470100000,-86468
7475220000,-145953
7480340000,-199467
7485460000,-245028
7490580000,-280686
7495700000,-305022
7500820000,-317102
7505940000,-316354
7511060000,-302967
7516180000,-277263
7521300000,-240408
7526420000,-193866
7531540000,-139582
7536660000,-79560
7541780000,-16381
7546900000,47333
7552020000,109285
7557140000,166809
7562260000,217628
7567380000,259634
7572500000,291210
7577620000,311037
7582740000,318354
7587860000,312807
7592980000,294679
7598100000,264688
7603220000,224015
7608340000,174309
7613460000,117580
7618580000,56181
7623700000,-7584
7628820000,-70970
7633940000,-131544
7639060000,-186762
7644180000,-234499
7649300000,-272784
7654420000,-300059
7659540000,-315275
7664660000,-317732
7669780000,-307501
7674900000,-284780
7680020000,-250599
7685140000,-206306
7690260000,-153771
7695380000,-94982
7700500000,-32294
7705620000,31441
7710740000,94133
7715860000,152959
7720980000,205683
7726100000,250046
7731220000,284380
7736340000,307226
7741460000,317731
7746580000,315391
7751700000,300360
7756820000,273240
7761940000,235101
7767060000,187486
7772180000,132280
7777300000,71857
7782420000,8428
7787540000,-55299
7792660000,-116799
7797780000,-173586
7802900000,-223378
7808020000,-264190
7813140000,-294340
7818260000,-312644
7823380000,-318326
7828500000,-311240
7833620000,-291584
7838740000,-260155
7843860000,-218232
7848980000,-167568
7854100000,-110148
7859220000,-48176
7864340000,15521
7869460000,78724
7874580000,138731
7879700000,193209
7884820000,239833
7889940000,276827
7895060000,302644
7900180000,316299
7905300000,317181
7910420000,305283
7915540000,281101
7920660000,245594
7925780000,200183
7930900000,146662
7936020000,87337
7941140000,24427
7946260000,-39491
7951380000,-101760
7956500000,-159971
7961620000,-211691
7966740000,-254930
7971860000,-287877
7976980000,-309225
7982100000,-318114
7987220000,-314194
7992340000,-297652
7997460000,-269050
8002580000,-229609
8007700000,-180943
8012820000,-125027
8017940000,-63949
8023060000,-429
8028180000,63109
8033300000,124163
8038420000,180236
8043540000,229021
8048660000,268569
8053780000,297304
8058900000,314063
8064020000,318170
8069140000,309436
8074260000,288253
8079380000,255466
8084500000,212366
8089620000,160687
8094740000,102589
8099860000,40357
8104980000,-23571
8110100000,-86468
8115220000,-145953
8120340000,-199467
8125460000,-245028
8130580000,-280686
8135700000,-305022
8140820000,-317102
8145940000,-316354
8151060000,-302967
8156180000,-277263
8161300000,-240408
8166420000,-193866
8171540000,-139582
8176660000,-79561
8181780000,-16383
8186900000,47336
8192020000,109285
8197140000,166809
8202260000,217628
8207380000,259634
8212500000,291210
8217620000,311037
8222740000,318354
8227860000,312807
8232980000,294678
8238100000,264687
8243220000,224017
8248340000,174309
8253460000,117580
8258580000,56181
8263700000,-7584
8268820000,-70970
8273940000,-131544
8279060000,-186762
8284180000,-234499
8289300000,-272784
8294420000,-300059
8299540000,-315275
8304660000,-317732
8309780000,-307501
8314900000,-284780
8320020000,-250599
8325140000,-206306
8330260000,-153771
8335380000,-94982
8340500000,-32298
8345620000,31445
8350740000,94133
8355860000,152959
8360980000,205683
8366100000,250046
8371220000,284380
8376340000,307226
8381460000,317731
8386580000,315391
8391700000,300359
8396820000,273237
8401940000,235104
8407060000,187486
8412180000,132280
8417300000,71857
8422420000,8428
8427540000,-55299
8432660000,-116799
8437780000,-173586
8442900000,-223378
8448020000,-264190
8453140000,-294340
8458260000,-312644
8463380000,-318326
8468500000,-311240
8473620000,-291584
8478740000,-260155
8483860000,-218232
8488980000,-167568
8494100000,-110148
8499220000,-48179
8504340000,15523
8509460000,78725
8514580000,138731
8519700000,193209
8524820000,239833
8529940000,276827
8535060000,302644
8540180000,316299
8545300000,317179
8550420000,305282
8555540000,281100
8560660000,245597
8565780000,200183
8570900000,146662
8576020000,87337
8581140000,24427
8586260000,-39491
8591380000,-101760
8596500000,-159971
8601620000,-211691
8606740000,-254930
8611860000,-287877
8616980000,-309225
8622100000,-318114
8627220000,-314194
8632340000,-297652
8637460000,-269050
8642580000,-229609
8647700000,-180943
8652820000,-125027
8657940000,-63949
8663060000,-429
8668180000,63109
8673300000,124163
8678420000,180236
8683540000,229021
8688660000,268569
8693780000,297304
8698900000,314063
8704020000,318170
8709140000,309432
8714260000,288254
8719380000,255467
8724500000,212367
8729620000,160687
8734740000,102589
8739860000,40357
8744980000,-23571
8750100000,-86468
8755220000,-145953
8760340000,-199467
8765460000,-245028
8770580000,-280686
8775700000,-305022
8780820000,-317102
8785940000,-316354
8791060000,-302967
8796180000,-277263
8801300000,-240408
8806420000,-193866
8811540000,-139582
8816660000,-79561
8821780000,-16383
8826900000,47336
8832020000,109285
8837140000,166809
8842260000,217628
8847380000,259634
8852500000,291210
8857620000,311037
8862740000,318354
8867860000,312803
8872980000,294681
8878100000,264688
8883220000,224017
8888340000,174309
8893460000,117580
8898580000,56181
8903700000,-7584
8908820000,-70970
8913940000,-131544
8919060000,-186762
8924180000,-234499
8929300000,-272784
8934420000,-300059
8939540000,-315275
8944660000,-317732
8949780000,-307501
8954900000,-284780
8960020000,-250599
8965140000,-206306
8970260000,-153771
8975380000,-94982
8980500000,-32298
8985620000,31445
8990740000,94133
8995860000,152959
9000980000,205683
9006100000,250046
9011220000,284380
9016340000,307226
9021460000,317731
9026580000,315389
9031700000,300360
9036820000,273239
9041940000,235104
9047060000,187486
9052180000,132280
9057300000,71857
9062420000,8428
9067540000,-55299
9072660000,-116799
9077780000,-173586
9082900000,-223378
9088020000,-264190
9093140000,-294340
9098260000,-312644
9103380000,-318326
9108500000,-311240
9113620000,-291584
9118740000,-260155
9123860000,-218232
9128980000,-167568
9134100000,-110148
9139220000,-48179
9144340000,15523
9149460000,78725
9154580000,138731
9159700000,193209
9164820000,239833
9169940000,276827
9175060000,302644
9180180000,316299
9185300000,317179
9190420000,305282
9195540000,281100
9200660000,245597
9205780000,200183
9210900000,146662
9216020000,87337
9221140000,24427
9226260000,-39491
9231380000,-101760
9236500000,-159971
9241620000,-211691
9246740000,-254930
9251860000,-287877
9256980000,-309225
9262100000,-318114
9267220000,-314194
9272340000,-297652
9277460000,-269050
9282580000,-229609
9287700000,-180943
9292820000,-125027
9297940000,-63949
9303060000,-429
9308180000,63109
9313300000,124163
9318420000,180236
9323540000,229021
9328660000,268569
9333780000,297304
9338900000,314063
9344020000,318170
9349140000,309432
9354260000,288254
9359380000,255467
9364500000,212367
9369620000,160687
9374740000,102589
9379860000,40357
9384980000,-23571
9390100000,-86468
9395220000,-145953
9400340000,-199467
9405460000,-245028
9410580000,-280686
9415700000,-305022
9420820000,-317102
9425940000,-316354
9431060000,-302967
9436180000,-277263
9441300000,-240408
9446420000,-193866
9451540000,-139582
9456660000,-79561
9461780000,-16383
9466900000,47336
9472020000,109285
9477140000,166809
9482260000,217628
9487380000,259634
9492500000,291210
9497620000,311037
9502740000,318354
9507860000,312803
9512980000,294681
9518100000,264688
9523220000,224017
9528340000,174309
9533460000,117580
9538580000,56181
9543700000,-7584
9548820000,-70970
9553940000,-131544
9559060000,-186762
9564180000,-234499
9569300000,-272784
9574420000,-300059
9579540000,-315275
9584660000,-317732
9589780000,-307501
9594900000,-284780
9600020000,-250599
9605140000,-206306
9610260000,-153771
9615380000,-94982
9620500000,-32298
9625620000,31445
9630740000,94133
9635860000,152959
9640980000,205683
9646100000,250046
9651220000,284380
9656340000,307226
9661460000,317731
9666580000,315389
9671700000,300360
9676820000,273239
9681940000,235104
9687060000,187486
9692180000,132280
9697300000,71857
9702420000,8428
9707540000,-55299
9712660000,-116799
9717780000,-173586
9722900000,-223378
9728020000,-264190
9733140000,-294340
9738260000,-312644
9743380000,-318326
9748500000,-311240
9753620000,-291584
9758740000,-260155
9763860000,-218232
9768980000,-167568
9774100000,-110148
9779220000,-48179
9784340000,15523
9789460000,78725
9794580000,138731
9799700000,193209
9804820000,239833
9809940000,276827
9815060000,302644
9820180000,316299
9825300000,317179
9830420000,305282
9835540000,281100
9840660000,245597
9845780000,200183
9850900000,146662
9856020000,87337
9861140000,24427
9866260000,-39491
9871380000,-101760
9876500000,-159971
9881620000,-211691
9886740000,-254930
9891860000,-287877
9896980000,-309225
9902100000,-318114
9907220000,-314194
9912340000,-297652
9917460000,-269050
9922580000,-229609
9927700000,-180943
9932820000,-125027
9937940000,-63949
9943060000,-429
9948180000,63109
9953300000,124163
9958420000,180236
9963540000,229021
9968660000,268569
9973780000,297304
9978900000,314063
9984020000,318170
9989140000,309432
9994260000,288254
9999380000,255467
10004500000,212367
10009620000,160687
10014740000,102589
10019860000,40357
10024980000,-23571
10030100000,-86468
10035220000,-145953
10040340000,-199467
10045460000,-245028
10050580000,-280686
10055700000,-305022
10060820000,-317102
10065940000,-316354
10071060000,-302967
10076180000,-277263
10081300000,-240408
10086420000,-193866
10091540000,-139582
10096660000,-79561
10101780000,-16383
10106900000,47336
10112020000,109285
10117140000,166809
10122260000,217628
10127380000,259634
10132500000,291210
10137620000,311037
10142740000,318354
10147860000,312803
10152980000,294681
10158100000,264688
10163220000,224017
10168340000,174309
10173460000,117580
10178580000,56181
10183700000,-7584
10188820000,-70970
10193940000,-131544
10199060000,-186762
10204180000,-234499
10209300000,-272784
10214420000,-300059
10219540000,-315275
10224660000,-317732
10229780000,-307501
10234900000,-284780
10240020000,-250599
10245140000,-206306
10250260000,-153771
10255380000,-94982
10260500000,-32298
10265620000,31445
10270740000,94133
10275860000,152959
10280980000,205683
10286100000,250046
10291220000,284380
10296340000,307226
10301460000,317731
10306580000,315389
10311700000,300360
10316820000,273239
10321940000,235104
10327060000,187486
10332180000,132280
10337300000,71857
10342420000,8428
10347540000,-55299
10352660000,-116799
10357780000,-173586
10362900000,-223378
10368020000,-264190
10373140000,-294340
10378260000,-312644
10383380000,-318326
10388500000,-311240
10393620000,-291584
10398740000,-260155
10403860000,-218232
10408980000,-167568
10414100000,-110148
10419220000,-48179
10424340000,15523
10429460000,78725
10434580000,138731
10439700000,193209
10444820000,239833
10449940000,276827
10455060000,302644
10460180000,316299
10465300000,317179
10470420000,305282
10475540000,281100
10480660000,245597
10485780000,200183
10490900000,146662
10496020000,87337
10501140000,24427
10506260000,-39491
10511380000,-101760
10516500000,-159971
10521620000,-211691
10526740000,-254930
10531860000,-287877
10536980000,-309225
10542100000,-318114
10547220000,-314194
10552340000,-297652
10557460000,-269050
10562580000,-229609
10567700000,-180943
10572820000,-125027
10577940000,-63949
10583060000,-429
10588180000,63109
10593300000,124163
10598420000,180236
10603540000,229021
10608660000,268569
10613780000,297304
10618900000,314063
10624020000,318170
10629140000,309432
10634260000,288254
10639380000,255467
10644500000,212367
10649620000,160687
10654740000,102589
10659860000,40357
10664980000,-23571
10670100000,-86468
10675220000,-145953
10680340000,-199467
10685460000,-245028
10690580000,-280686
10695700000,-305022
10700820000,-317102
10705940000,-316354
10711060000,-302967
10716180000,-277263
10721300000,-240408
10726420000,-193866
10731540000,-139582
10736660000,-79561
10741780000,-16383
10746900000,47336
10752020000,109285
10757140000,166809
10762260000,217628
10767380000,259634
10772500000,291210
10777620000,311037
10782740000,318354
10787860000,312803
10792980000,294681
10798100000,264688
10803220000,224017
10808340000,174309
10813460000,117580
10818580000,56181
10823700000,-7584
10828820000,-70970
10833940000,-131544
10839060000,-186762
10844180000,-234499
10849300000,-272784
10854420000,-300059
10859540000,-315275
10864660000,-317732
10869780000,-307501
10874900000,-284780
10880020000,-250599
10885140000,-206306
10890260000,-153771
10895380000,-94982
10900500000,-32298
10905620000,31445
10910740000,94133
10915860000,152959
10920980000,205683
10926100000,250046
10931220000,284380
10936340000,307226
10941460000,317731
10946580000,315389
10951700000,300360
10956820000,273239
10961940000,235104
10967060000,187486
10972180000,132280
10977300000,71857
10982420000,8428
10987540000,-55299
10992660000,-116799
10997780000,-173586
11002900000,-223378
11008020000,-264190
11013140000,-294340
11018260000,-312644
11023380000,-318326
11028500000,-311240
11033620000,-291584
11038740000,-260155
11043860000,-218232
11048980000,-167568
11054100000,-110148
11059220000,-48179
11064340000,15523
11069460000,78725
11074580000,138731
11079700000,193209
11084820000,239833
11089940000,276827
11095060000,302644
11100180000,316299
11105300000,317179
11110420000,305282
11115540000,281100
11120660000,245597
11125780000,200183
11130900000,146662
11136020000,87337
11141140000,24427
11146260000,-39491
11151380000,-101760
11156500000,-159971
11161620000,-211691
11166740000,-254930
11171860000,-287877
11176980000,-309225
11182100000,-318114
11187220000,-314194
11192340000,-297652
11197460000,-269050
11202580000,-229609
11207700000,-180943
11212820000,-125027
11217940000,-63949
11223060000,-429
11228180000,63109
11233300000,124163
11238420000,180236
11243540000,229021
11248660000,268569
11253780000,297304
11258900000,314063
11264020000,318170
11269140000,309432
11274260000,288254
11279380000,255467
11284500000,212367
11289620000,160687
11294740000,102589
11299860000,40357
11304980000,-23571
11310100000,-86468
11315220000,-145953
11320340000,-199467
11325460000,-245028
11330580000,-280686
11335700000,-305022
11340820000,-317102
11345940000,-316354
11351060000,-302967
11356180000,-277260
11361300000,-240411
11366420000,-193866
11371540000,-139582
11376660000,-79561
11381780000,-16383
11386900000,47336
11392020000,109285
11397140000,166809
11402260000,217628
11407380000,259634
11412500000,291210
11417620000,311037
11422740000,318354
11427860000,312803
11432980000,294681
11438100000,264688
11443220000,224017
11448340000,174309
11453460000,117580
11458580000,56181
11463700000,-7584
11468820000,-70970
11473940000,-131544
11479060000,-186762
11484180000,-234499
11489300000,-272784
11494420000,-300059
11499540000,-315275
11504660000,-317732
11509780000,-307501
11514900000,-284778
11520020000,-250600
11525140000,-206308
11530260000,-153771
11535380000,-94982
11540500000,-32298
11545620000,31445
11550740000,94133
11555860000,152959
11560980000,205683
11566100000,250046
11571220000,284380
11576340000,307226
11581460000,317731
11586580000,315389
11591700000,300360
11596820000,273239
11601940000,235104
11607060000,187486
11612180000,132280
11617300000,71857
11622420000,8428
11627540000,-55299
11632660000,-116799
11637780000,-173586
11642900000,-223378
11648020000,-264190
11653140000,-294340
11658260000,-312644
11663380000,-318326
11668500000,-311240
11673620000,-291583
11678740000,-260154
11683860000,-218234
11688980000,-167568
11694100000,-110148
11699220000,-48179
11704340000,15523
11709460000,78725
11714580000,138731
11719700000,193209
11724820000,239833
11729940000,276827
11735060000,302644
11740180000,316299
11745300000,317179
11750420000,305282
11755540000,281100
11760660000,245597
11765780000,200183
11770900000,146662
11776020000,87337
11781140000,24427
11786260000,-39491
11791380000,-101760
11796500000,-159971
11801620000,-211691
11806740000,-254930
11811860000,-287877
11816980000,-309225
11822100000,-318114
11827220000,-314194
11832340000,-297651
11837460000,-269046
11842580000,-229613
11847700000,-180943
11852820000,-125027
11857940000,-63949
11863060000,-429
11868180000,63109
11873300000,124163
11878420000,180236
11883540000,229021
11888660000,268569
11893780000,297304
11898900000,314063
11904020000,318170
11909140000,309432
11914260000,288254
11919380000,255467
11924500000,212367
11929620000,160687
11934740000,102589
11939860000,40357
11944980000,-23571
11950100000,-86468
11955220000,-145953
11960340000,-199467
11965460000,-245028
11970580000,-280686
11975700000,-305022
11980820000,-317102
11985940000,-316354
11991060000,-302967
11996180000,-277263
12001300000,-240408
12006420000,-193866
12011540000,-139582
12016660000,-79562
12021780000,-16385
12026900000,47339
12032020000,109285
12037140000,166809
12042260000,217628
12047380000,259634
12052500000,291210
12057620000,311037
12062740000,318354
12067860000,312803
12072980000,294681
12078100000,264688
12083220000,224017
12088340000,174309
12093460000,117580
12098580000,56181
12103700000,-7584
12108820000,-70970
12113940000,-131544
12119060000,-186762
12124180000,-234499
12129300000,-272784
12134420000,-300059
12139540000,-315275
12144660000,-317732
12149780000,-307501
12154900000,-284780
12160020000,-250599
12165140000,-206306
12170260000,-153771
12175380000,-94982
12180500000,-32302
12185620000,31449
12190740000,94133
12195860000,152959
12200980000,205683
12206100000,250046
12211220000,284380
12216340000,307226
12221460000,317731
12226580000,315389
12231700000,300360
12236820000,273239
12241940000,235104
12247060000,187486
12252180000,132280
12257300000,71857
12262420000,8428
12267540000,-55299
12272660000,-116799
12277780000,-173586
12282900000,-223378
12288020000,-264190
12293140000,-294340
12298260000,-312644
12303380000,-318326
12308500000,-311240
12313620000,-291584
12318740000,-260155
12323860000,-218232
12328980000,-167568
12334100000,-110148
12339220000,-48182
12344340000,15525
12349460000,78726
12354580000,138731
12359700000,193209
12364820000,239833
12369940000,276827
12375060000,302644
12380180000,316299
12385300000,317179
12390420000,305282
12395540000,281100
12400660000,245597
12405780000,200183
12410900000,146662
12416020000,87337
12421140000,24427
12426260000,-39491
12431380000,-101760
12436500000,-159971
12441620000,-211691
12446740000,-254930
12451860000,-287877
12456980000,-309225
12462100000,-318114
12467220000,-314194
12472340000,-297652
12477460000,-269050
12482580000,-229609
12487700000,-180943
12492820000,-125027
12497940000,-63951
12503060000,-429
12508180000,63111
12513300000,124163
12518420000,180236
12523540000,229021
12528660000,268569
12533780000,297304
12538900000,314063
12544020000,318170
12549140000,309432
12554260000,288254
12559380000,255467
12564500000,212367
12569620000,160687
12574740000,102589
12579860000,40357
12584980000,-23571
12590100000,-86468
12595220000,-145953
12600340000,-199467
12605460000,-245028
12610580000,-280686
12615700000,-305022
12620820000,-317102
12625940000,-316354
12631060000,-302967
12636180000,-277263
12641300000,-240408
12646420000,-193866
12651540000,-139582
12656660000,-79562
12661780000,-16385
12666900000,47339
12672020000,109285
12677140000,166809
12682260000,217628
12687380000,259634
12692500000,291210
12697620000,311037
12702740000,318354
12707860000,312803
12712980000,294681
12718100000,264688
12723220000,224017
12728340000,174309
12733460000,117580
12738580000,56181
12743700000,-7584
12748820000,-70970
12753940000,-131544
12759060000,-186762
12764180000,-234499
12769300000,-272784
12774420000,-300059
12779540000,-315275
12784660000,-317732
12789780000,-307501
12794900000,-284778
12800020000,-250600
12805140000,-206308
12810260000,-153771
12815380000,-94982
12820500000,-32302
12825620000,31449
12830740000,94133
12835860000,152959
12840980000,205683
12846100000,250046
12851220000,284380
12856340000,307226
12861460000,317731
12866580000,315389
12871700000,300360
12876820000,273239
12881940000,235104
12887060000,187486
12892180000,132280
12897300000,71857
12902420000,8428
12907540000,-55299
12912660000,-116799
12917780000,-173586
12922900000,-223378
12928020000,-264190
12933140000,-294340
12938260000,-312644
12943380000,-318326
12948500000,-311240
12953620000,-291583
12958740000,-260154
12963860000,-218234
12968980000,-167568
12974100000,-110148
12979220000,-48182
12984340000,15525
12989460000,78726
12994580000,138731
12999700000,193209
13004820000,239833
13009940000,276827
13015060000,302644
13020180000,316299
13025300000,317179
13030420000,305282
13035540000,281100
13040660000,245597
13045780000,200183
13050900000,146662
13056020000,87337
13061140000,24427
13066260000,-39491
13071380000,-101760
13076500000,-159971
13081620000,-211691
13086740000,-254930
13091860000,-287877
13096980000,-309225
13102100000,-318114
13107220000,-314194
13112340000,-297651
13117460000,-269046
13122580000,-229613
13127700000,-180943
13132820000,-125027
13137940000,-63951
13143060000,-429
13148180000,63111
13153300000,124163
13158420000,180236
13163540000,229021
13168660000,268569
13173780000,297304
13178900000,314063
13184020000,318170
13189140000,309432
13194260000,288254
13199380000,255467
13204500000,212367
13209620000,160687
13214740000,102589
13219860000,40357
13224980000,-23571
13230100000,-86468
13235220000,-145953
13240340000,-199467
13245460000,-245028
13250580000,-280686
13255700000,-305022
13260820000,-317102
13265940000,-316354
13271060000,-302967
13276180000,-277260
13281300000,-240411
13286420000,-193866
13291540000,-139582
13296660000,-79562
13301780000,-16385
13306900000,47339
13312020000,109285
13317140000,166809
13322260000,217628
13327380000,259634
13332500000,291210
13337620000,311037
13342740000,318354
13347860000,312803
13352980000,294681
13358100000,264688
13363220000,224017
13368340000,174309
13373460000,117580
13378580000,56181
13383700000,-7584
13388820000,-70970
13393940000,-131544
13399060000,-186762
13404180000,-234499
13409300000,-272784
13414420000,-300059
13419540000,-315275
13424660000,-317732
13429780000,-307501
13434900000,-284778
13440020000,-250600
13445140000,-206308
13450260000,-153771
13455380000,-94982
13460500000,-32302
13465620000,31449
13470740000,94133
13475860000,152959
13480980000,205683
13486100000,250046
13491220000,284380
13496340000,307226
13501460000,317731
13506580000,315389
13511700000,300360
13516820000,273239
13521940000,235104
13527060000,187486
13532180000,132280
13537300000,71857
13542420000,8428
13547540000,-55299
13552660000,-116799
13557780000,-173586
13562900000,-223378
13568020000,-264190
13573140000,-294340
13578260000,-312644
13583380000,-318326
13588500000,-311240
13593620000,-291583
13598740000,-260154
13603860000,-218234
13608980000,-167568
13614100000,-110148
13619220000,-48182
13624340000,15525
13629460000,78726
13634580000,138731
13639700000,193209
13644820000,239833
13649940000,276827
13655060000,302644
13660180000,316299
13665300000,317179
13670420000,305282
13675540000,281100
13680660000,245597
13685780000,200183
13690900000,146662
13696020000,87337
13701140000,24427
13706260000,-39491
13711380000,-101760
13716500000,-159971
13721620000,-211691
13726740000,-254930
13731860000,-287877
13736980000,-309225
13742100000,-318114
13747220000,-314194
13752340000,-297651
13757460000,-269046
13762580000,-229613
13767700000,-180943
13772820000,-125027
13777940000,-63949
13783060000,-429
13788180000,63109
13793300000,124163
13798420000,180236
13803540000,229021
13808660000,268569
13813780000,297304
13818900000,314063
13824020000,318170
13829140000,309432
13834260000,288254
13839380000,255467
13844500000,212367
13849620000,160687
13854740000,102589
13859860000,40357
13864980000,-23571
13870100000,-86468
13875220000,-145953
13880340000,-199467
13885460000,-245028
13890580000,-280686
13895700000,-305022
13900820000,-317102
13905940000,-316354
13911060000,-302967
13916180000,-277260
13921300000,-240411
13926420000,-193866
13931540000,-139582
13936660000,-79561
13941780000,-16383
13946900000,47336
13952020000,109285
13957140000,166809
13962260000,217628
13967380000,259634
13972500000,291210
13977620000,311037
13982740000,318354
13987860000,312803
13992980000,294681
13998100000,264688
14003220000,224017
14008340000,174309
14013460000,117580
14018580000,56181
14023700000,-7584
14028820000,-70970
14033940000,-131544
14039060000,-186762
14044180000,-234499
14049300000,-272784
14054420000,-300059
14059540000,-315275
14064660000,-317732
14069780000,-307501
14074900000,-284778
14080020000,-250600
14085140000,-206308
14090260000,-153771
14095380000,-94982
14100500000,-32302
14105620000,31449
14110740000,94133
14115860000,152959
14120980000,205683
14126100000,250046
14131220000,284380
14136340000,307226
14141460000,317731
14146580000,315389
14151700000,300360
14156820000,273239
14161940000,235104
14167060000,187486
14172180000,132280
14177300000,71857
14182420000,8428
14187540000,-55299
14192660000,-116799
14197780000,-173586
14202900000,-223378
14208020000,-264190
14213140000,-294340
14218260000,-312644
14223380000,-318326
14228500000,-311240
14233620000,-291583
14238740000,-260154
14243860000,-218234
14248980000,-167568
14254100000,-110148
14259220000,-48182
14264340000,15525
14269460000,78726
14274580000,138731
14279700000,193209
14284820000,239833
14289940000,276827
14295060000,302644
14300180000,316299
14305300000,317179
14310420000,305282
14315540000,281100
14320660000,245597
14325780000,200183
14330900000,146662
14336020000,87337
14341140000,24427
14346260000,-39491
14351380000,-101760
14356500000,-159971
14361620000,-211691
14366740000,-254930
14371860000,-287877
14376980000,-309225
14382100000,-318114
14387220000,-314194
14392340000,-297651
14397460000,-269046
14402580000,-229613
14407700000,-180943
14412820000,-125027
14417940000,-63951
14423060000,-429
14428180000,63111
14433300000,124163
14438420000,180236
14443540000,229021
14448660000,268569
14453780000,297304
14458900000,314063
14464020000,318170
14469140000,309432
14474260000,288254
14479380000,255467
14484500000,212367
14489620000,160687
14494740000,102589
14499860000,40357
14504980000,-23571
14510100000,-86468
14515220000,-145953
14520340000,-199467
14525460000,-245028
14530580000,-280686
14535700000,-305022
14540820000,-317102
14545940000,-316354
14551060000,-302967
14556180000,-277260
14561300000,-240411
14566420000,-193866
14571540000,-139582
14576660000,-79562
14581780000,-16385
14586900000,47339
14592020000,109285
14597140000,166809
14602260000,217628
14607380000,259634
14612500000,291210
14617620000,311037
14622740000,318354
14627860000,312803
14632980000,294681
14638100000,264688
14643220000,224017
14648340000,174309
14653460000,117580
14658580000,56181
14663700000,-7584
14668820000,-70970
14673940000,-131544
14679060000,-186762
14684180000,-234499
14689300000,-272784
14694420000,-300059
14699540000,-315275
14704660000,-317732
14709780000,-307501
14714900000,-284778
14720020000,-250600
14725140000,-206308
14730260000,-153771
14735380000,-94982
14740500000,-32302
14745620000,31449
14750740000,94133
14755860000,152959
14760980000,205683
14766100000,250046
14771220000,284380
14776340000,307226
14781460000,317731
14786580000,315389
14791700000,300360
14796820000,273239
14801940000,235104
14807060000,187486
14812180000,132280
14817300000,71857
14822420000,8428
14827540000,-55299
14832660000,-116799
14837780000,-173586
14842900000,-223378
14848020000,-264190
14853140000,-294340
14858260000,-312644
14863380000,-318326
14868500000,-311240
14873620000,-291583
14878740000,-260154
14883860000,-218234
14888980000,-167568
14894100000,-110148
14899220000,-48182
14904340000,15525
14909460000,78726
14914580000,138731
14919700000,193209
14924820000,239833
14929940000,276827
14935060000,302644
14940180000,316299
14945300000,317179
14950420000,305282
14955540000,281100
14960660000,245597
14965780000,200183
14970900000,146662
14976020000,87337
14981140000,24427
14986260000,-39491
14991380000,-101760
14996500000,-159971
15001620000,-211691
15006740000,-254930
15011860000,-287877
15016980000,-309225
15022100000,-318114
15027220000,-314194
15032340000,-297651
15037460000,-269046
15042580000,-229613
15047700000,-180943
15052820000,-125027
15057940000,-63951
15063060000,-429
15068180000,63111
15073300000,124163
15078420000,180236
15083540000,229021
15088660000,268569
15093780000,297304
15098900000,314063
15104020000,318170
15109140000,309432
15114260000,288254
15119380000,255467
15124500000,212367
15129620000,160687
15134740000,102589
15139860000,40357
15144980000,-23571
15150100000,-86468
15155220000,-145953
15160340000,-199467
15165460000,-245028
15170580000,-280686
15175700000,-305022
15180820000,-317102
15185940000,-316354
15191060000,-302967
15196180000,-277260
15201300000,-240411
15206420000,-193866
15211540000,-139582
15216660000,-79562
15221780000,-16385
15226900000,47339
15232020000,109285
15237140000,166809
15242260000,217628
15247380000,259634
15252500000,291210
15257620000,311037
15262740000,318354
15267860000,312803
15272980000,294681
15278100000,264688
15283220000,224017
15288340000,174309
15293460000,117580
15298580000,56181
15303700000,-7584
15308820000,-70970
15313940000,-131544
15319060000,-186762
15324180000,-234499
15329300000,-272784
15334420000,-300059
15339540000,-315275
15344660000,-317732
15349780000,-307501
15354900000,-284778
15360020000,-250600
15365140000,-206308
15370260000,-153771
15375380000,-94982
15380500000,-32302
15385620000,31449
15390740000,94133
15395860000,152959
15400980000,205683
15406100000,250046
15411220000,284380
15416340000,307226
15421460000,317731
15426580000,315389
15431700000,300360
15436820000,273239
15441940000,235104
15447060000,187486
15452180000,132280
15457300000,71857
15462420000,8428
15467540000,-55299
15472660000,-116799
15477780000,-173586
15482900000,-223378
15488020000,-264190
15493140000,-294340
15498260000,-312644
15503380000,-318326
15508500000,-311240
15513620000,-291583
15518740000,-260154
15523860000,-218234
15528980000,-167568
15534100000,-110148
15539220000,-48182
15544340000,15525
15549460000,78726
15554580000,138731
15559700000,193209
15564820000,239833
15569940000,276827
15575060000,302644
15580180000,316299
15585300000,317179
15590420000,305282
15595540000,281100
15600660000,245597
15605780000,200183
15610900000,146662
15616020000,87337
15621140000,24427
15626260000,-39491
15631380000,-101760
15636500000,-159971
15641620000,-211691
15646740000,-254930
15651860000,-287877
15656980000,-309225
15662100000,-318114
15667220000,-314194
15672340000,-297651
15677460000,-269046
15682580000,-229613
15687700000,-180943
15692820000,-125027
15697940000,-63951
15703060000,-429
15708180000,63111
15713300000,124163
15718420000,180236
15723540000,229021
15728660000,268569
15733780000,297304
15738900000,314063
15744020000,318170
15749140000,309432
15754260000,288254
15759380000,255467
15764500000,212367
15769620000,160687
15774740000,102589
15779860000,40357
15784980000,-23571
15790100000,-86468
15795220000,-145953
15800340000,-199467
15805460000,-245028
15810580000,-280686
15815700000,-305022
15820820000,-317102
15825940000,-316354
15831060000,-302967
15836180000,-277260
15841300000,-240411
15846420000,-193866
15851540000,-139582
15856660000,-79562
15861780000,-16385
15866900000,47339
15872020000,109285
15877140000,166809
15882260000,217628
15887380000,259634
15892500000,291210
15897620000,311037
15902740000,318354
15907860000,312803
15912980000,294681
15918100000,264688
15923220000,224017
15928340000,174309
15933460000,117580
15938580000,56181
15943700000,-7584
15948820000,-70970
15953940000,-131544
15959060000,-186762
15964180000,-234499
15969300000,-272784
15974420000,-300059
15979540000,-315275
15984660000,-317732
15989780000,-307501
15994900000,-284778
16000020000,-250600
